100
0 82 33 30 27 60 3 79 99 56 58 30 15 99 21 8 40 48 23 6 8 58 6 22 92 50 61 53 84 12 9 82 95 42 12 74 54 67 5 6 76 64 36 91 63 9 51 3 57 26 61 66 84 67 40 29 70 1 82 54 13 43 36 60 86 0 34 92 68 40 98 44 56 86 87 19 95 90 75 53 17 36 71 53 56 11 82 26 12 16 80 77 60 68 38 98 68 72 90 88 
82 0 64 41 84 72 27 23 92 75 14 19 80 83 55 51 88 11 14 23 89 78 39 69 55 51 89 45 49 58 70 92 98 34 85 35 7 64 58 51 39 24 70 19 59 77 22 0 41 88 23 30 18 14 0 26 66 41 71 67 51 41 11 50 76 96 85 35 61 95 38 52 72 60 72 31 37 46 83 78 87 6 61 5 73 61 31 39 54 3 58 6 44 70 56 72 66 93 59 79 
33 64 0 40 49 32 64 61 56 48 51 54 31 29 41 38 90 47 11 3 30 2 58 85 60 16 30 30 24 54 49 69 66 28 9 15 12 74 77 68 22 28 23 53 9 64 43 52 63 6 7 46 8 17 31 21 33 61 51 57 68 52 26 34 33 88 1 45 14 30 14 88 58 89 93 20 5 37 24 69 43 31 67 4 1 98 25 86 12 28 96 80 81 74 66 66 62 67 11 28 
30 41 40 0 98 77 16 8 66 10 80 72 47 4 93 42 88 60 98 89 58 23 27 22 4 23 2 37 98 68 3 12 88 14 41 86 92 57 46 58 19 27 82 18 31 75 13 19 87 11 60 98 35 40 20 39 63 75 76 13 43 31 26 83 45 67 69 89 76 16 0 48 43 82 66 26 10 79 98 97 91 10 47 78 50 68 69 14 43 97 27 38 28 5 22 73 24 43 63 1 
27 84 49 98 0 11 15 49 54 97 67 33 59 99 31 9 90 41 56 20 92 76 89 58 19 86 37 10 66 43 32 91 67 27 6 20 39 21 21 45 19 89 78 78 88 9 87 30 3 96 50 47 72 91 57 92 29 94 54 95 89 38 38 57 65 45 29 4 66 51 50 37 92 80 68 32 90 7 14 45 3 16 92 76 59 49 20 88 95 26 35 85 64 73 94 29 70 23 86 37 
60 72 32 77 11 0 26 88 74 18 68 94 2 10 2 16 7 5 84 99 33 43 0 5 83 96 31 18 81 95 44 27 77 14 50 63 3 29 3 30 47 23 24 2 86 26 70 93 84 55 93 17 50 45 23 34 41 54 52 74 2 48 1 79 63 4 94 66 33 97 48 32 72 73 86 58 99 57 52 35 64 97 53 14 42 28 48 36 34 53 10 36 1 64 67 16 20 61 35 53 
3 27 64 16 15 26 0 10 83 37 83 56 24 93 8 81 45 43 97 42 48 11 37 76 12 73 63 65 35 99 66 99 67 35 71 80 70 24 91 5 14 26 62 38 19 22 71 17 17 20 59 66 31 48 94 43 21 57 60 57 57 79 8 76 14 80 8 36 56 99 41 70 77 55 60 97 29 83 66 47 3 25 13 35 74 7 30 47 65 91 4 74 70 13 2 36 45 10 72 1 
79 23 61 8 49 88 10 0 62 65 72 39 73 32 88 2 68 54 49 71 32 62 58 58 22 89 5 39 32 62 13 54 27 67 90 72 77 14 73 91 79 97 31 52 30 71 55 98 78 56 21 62 71 80 72 93 21 77 32 53 91 97 59 18 64 49 42 41 15 16 33 94 13 16 99 95 39 6 45 69 62 67 31 33 99 3 78 20 33 10 25 76 7 84 95 71 85 37 65 0 
99 92 56 66 54 74 83 62 0 5 50 46 19 18 97 66 57 3 12 27 18 31 10 3 30 66 82 2 51 44 27 27 4 63 74 27 48 12 44 48 69 94 46 40 12 44 7 22 47 71 1 17 54 11 21 84 29 55 38 80 99 65 8 55 28 82 83 28 46 27 28 68 74 74 8 86 18 15 60 18 38 61 87 92 25 8 76 54 15 66 87 67 31 47 22 11 81 57 91 80 
56 75 48 10 97 18 37 65 5 0 85 19 48 59 46 56 97 16 24 58 34 62 19 22 55 96 82 83 3 50 50 90 17 33 89 91 97 70 49 88 50 86 60 50 97 6 7 94 22 31 4 9 93 76 83 0 72 17 84 75 67 34 17 36 19 6 28 16 77 29 57 79 15 69 30 64 75 89 10 49 20 15 58 65 43 93 66 67 11 2 95 30 88 12 67 7 19 47 76 48 
58 14 51 80 67 68 83 72 50 85 0 76 33 79 43 54 61 7 29 50 17 30 70 84 41 88 79 34 6 47 97 8 42 28 96 54 47 55 25 94 31 25 22 16 57 65 70 18 24 51 69 93 34 91 78 75 31 9 9 37 56 59 97 50 87 45 57 34 1 82 28 84 60 50 53 17 67 75 87 91 27 56 84 13 0 14 88 31 76 49 69 32 8 18 83 95 64 40 81 65 
30 19 54 72 33 94 56 39 46 19 76 0 74 61 1 86 63 54 3 30 30 43 73 9 99 10 22 99 76 62 83 52 11 52 37 20 70 72 67 86 64 1 51 38 62 5 25 78 59 80 60 41 23 34 2 75 96 76 26 24 38 9 77 2 13 66 74 36 38 41 22 2 94 26 92 57 31 69 87 42 2 47 36 77 81 38 52 29 67 31 54 57 40 83 59 6 49 33 42 87 
15 80 31 47 59 2 24 73 19 48 33 74 0 27 16 41 21 42 33 30 25 3 17 68 5 65 4 82 98 94 87 80 61 18 34 19 10 17 30 16 18 64 10 57 43 27 98 16 21 83 99 47 38 16 15 43 33 19 78 84 65 17 64 27 35 50 98 45 67 28 14 85 44 24 94 87 3 92 56 25 75 55 72 66 23 87 9 9 58 39 93 23 56 9 2 43 59 0 41 26 
99 83 29 4 99 10 93 32 18 59 79 61 27 0 29 55 63 73 31 57 13 35 1 69 60 28 76 84 94 99 23 56 8 33 47 53 56 4 62 11 99 21 11 40 99 92 47 14 18 31 23 31 66 76 52 78 5 28 14 51 79 37 59 40 70 7 93 78 63 8 89 62 29 53 3 81 45 2 47 63 33 71 46 51 47 98 81 4 78 95 56 58 32 15 98 2 74 43 81 37 
21 55 41 93 31 2 8 88 97 46 43 1 16 29 0 51 22 0 33 75 55 14 73 57 61 88 43 84 87 46 84 37 28 88 16 23 96 26 8 64 24 62 38 19 95 76 71 18 28 4 45 83 70 70 92 83 11 87 68 98 34 52 35 14 92 3 37 89 29 97 5 5 60 95 25 55 71 48 25 51 4 23 34 74 93 79 9 4 66 29 54 52 81 42 66 26 45 56 67 75 
8 51 38 42 9 16 81 2 66 56 54 86 41 55 51 0 53 72 80 65 67 57 21 91 5 98 42 9 21 29 35 15 60 45 71 78 74 78 31 8 20 97 86 65 5 53 40 59 77 73 24 44 82 97 87 88 96 82 49 17 63 37 84 23 82 8 1 8 86 32 68 58 82 54 23 87 7 16 98 84 41 75 81 23 72 20 63 20 2 13 90 17 50 26 40 84 34 42 44 72 
40 88 90 88 90 7 45 68 57 97 61 63 21 63 22 53 0 26 13 82 8 67 6 48 27 74 46 63 15 73 96 90 98 17 54 18 71 67 60 89 69 87 81 53 73 23 49 98 2 62 80 10 82 38 10 61 12 9 24 79 82 73 70 80 42 24 51 65 43 63 6 64 50 88 17 76 63 18 74 65 81 54 28 15 45 38 76 57 47 52 89 82 25 59 14 19 35 17 85 30 
48 11 47 60 41 5 43 54 3 16 7 54 42 73 0 72 26 0 81 91 94 31 31 63 59 95 81 33 60 62 40 40 29 85 79 5 94 78 10 83 12 35 94 27 7 29 44 92 11 77 35 5 61 67 68 20 14 50 54 26 64 94 67 94 31 46 51 25 76 61 9 89 49 3 16 56 85 12 0 96 90 35 2 51 54 22 71 68 24 77 47 41 23 14 35 54 12 38 80 88 
23 14 11 98 56 84 97 49 12 24 29 3 33 31 33 80 13 81 0 0 89 77 1 44 45 57 29 10 9 78 52 44 32 55 51 54 78 71 79 56 18 20 79 32 7 34 44 45 66 85 97 55 14 98 51 12 7 33 22 16 11 26 13 43 81 64 97 11 87 28 67 6 0 99 38 7 85 35 5 3 72 54 58 86 5 61 98 12 94 72 81 5 98 46 48 31 62 98 43 49 
6 23 3 89 20 99 42 71 27 58 50 30 30 57 75 65 82 91 0 0 78 62 55 79 13 46 86 98 33 43 1 5 98 11 91 3 25 42 67 19 14 0 77 13 46 77 44 8 75 39 10 54 2 65 85 15 63 71 66 48 67 19 53 17 83 97 72 8 39 91 79 53 92 56 18 90 86 15 99 61 54 61 67 8 78 52 24 42 76 42 90 95 13 96 12 48 93 84 8 32 
8 89 30 58 92 33 48 32 18 34 17 30 25 13 55 67 8 94 89 78 0 75 88 37 19 96 56 10 34 71 61 96 25 22 15 34 0 20 10 94 48 4 37 43 69 33 7 18 78 91 26 62 18 66 99 90 15 7 0 49 78 61 97 56 35 65 42 87 85 4 82 33 60 71 28 29 4 35 99 34 78 26 96 96 44 47 38 11 55 38 13 85 51 10 41 38 75 35 26 12 
58 78 2 23 76 43 11 62 31 62 30 43 3 35 14 57 67 31 77 62 75 0 39 60 97 51 31 25 81 87 60 80 21 90 58 17 39 55 16 77 66 71 16 79 57 19 42 50 58 69 86 84 82 77 44 31 29 75 57 62 62 69 94 35 60 5 52 51 60 68 28 78 92 96 10 1 16 52 51 74 73 89 10 55 67 54 87 48 81 96 62 95 17 56 30 29 13 34 80 73 
6 39 58 27 89 0 37 58 10 19 70 73 17 1 73 21 6 31 1 55 88 39 0 54 9 4 46 5 14 47 73 18 51 47 91 40 9 99 59 15 38 59 96 86 21 43 3 30 73 85 43 7 65 69 14 26 73 60 84 39 60 9 9 11 9 0 51 18 51 11 34 89 70 82 75 44 26 31 74 99 16 69 59 33 90 73 12 15 85 96 54 45 57 15 56 66 16 60 85 19 
22 69 85 22 58 5 76 58 3 22 84 9 68 69 57 91 48 63 44 79 37 60 54 0 23 19 61 45 1 36 89 27 19 15 79 87 37 38 21 27 63 33 43 48 81 49 46 38 65 54 5 33 14 42 52 89 61 13 35 14 2 76 94 21 44 73 61 81 63 82 8 26 67 51 26 0 53 72 90 18 79 47 51 45 89 3 35 2 69 70 17 71 98 11 44 42 84 5 23 99 
92 55 60 4 19 83 12 22 30 55 41 99 5 60 61 5 27 59 45 13 19 97 9 23 0 87 84 77 6 87 3 58 40 28 49 58 7 96 9 52 38 65 39 40 34 61 57 5 60 20 49 2 56 7 78 55 46 62 32 53 49 36 11 90 16 12 0 75 9 62 27 47 27 19 87 61 80 97 18 40 17 19 43 74 26 73 81 73 35 14 78 36 2 41 26 18 54 79 93 15 
50 51 16 23 86 96 73 89 66 96 88 10 65 28 88 98 74 95 57 46 96 51 4 19 87 0 41 72 14 68 91 53 81 72 50 51 64 20 22 59 46 49 32 27 74 67 41 4 4 43 45 82 13 51 13 58 66 54 31 80 74 74 34 7 98 36 10 63 8 33 22 54 34 55 82 8 74 75 64 30 71 61 65 84 13 78 43 31 85 26 64 11 0 50 19 99 38 29 14 47 
61 89 30 2 37 31 63 5 82 82 79 22 4 76 43 42 46 81 29 86 56 31 46 61 84 41 0 14 36 1 48 43 35 8 70 11 72 52 82 86 17 18 51 48 13 34 85 39 98 96 92 0 67 43 39 49 57 86 63 45 87 12 41 75 20 11 86 45 63 20 83 33 90 34 33 4 68 18 43 67 14 35 19 34 78 58 83 87 44 46 33 32 10 26 7 83 37 45 80 52 
53 45 30 37 10 18 65 39 2 83 34 99 82 84 84 9 63 33 10 98 10 25 5 45 77 72 14 0 17 63 37 7 97 70 11 17 88 7 36 55 94 56 89 25 14 24 12 59 22 97 43 85 23 2 68 12 99 0 17 16 63 6 75 12 77 39 29 17 98 66 72 92 22 13 17 36 89 82 47 12 31 90 97 7 44 17 71 43 17 88 59 80 95 87 92 24 26 73 41 24 
84 49 24 98 66 81 35 32 51 3 6 76 98 94 87 21 15 60 9 33 34 81 14 1 6 14 36 17 0 39 66 68 61 31 86 50 21 20 97 85 51 40 82 10 84 99 82 28 68 22 39 48 17 26 92 93 4 65 87 80 5 5 49 18 36 87 20 9 7 18 94 10 10 28 21 94 79 3 22 47 25 14 47 95 40 91 40 97 57 27 77 14 32 26 84 21 65 5 82 72 
12 58 54 68 43 95 99 62 44 50 47 62 94 99 46 29 73 62 78 43 71 87 47 36 87 68 1 63 39 0 75 29 35 85 57 56 31 89 11 54 36 88 20 36 35 12 27 28 9 36 55 39 50 40 65 87 13 31 44 95 55 19 24 90 56 34 98 87 23 61 93 11 2 13 47 37 26 75 17 87 11 73 26 14 65 44 1 30 27 45 25 82 16 2 25 24 88 75 11 11 
9 70 49 3 32 44 66 13 27 50 97 83 87 23 84 35 96 40 52 1 61 60 73 89 3 91 48 37 66 75 0 89 57 22 91 70 22 80 48 97 98 36 60 23 14 26 88 58 27 18 85 24 95 20 92 49 97 16 37 72 28 0 61 85 75 4 7 97 85 8 46 35 44 6 58 10 33 98 69 12 68 6 89 15 78 81 65 75 50 54 48 30 55 61 67 30 66 74 27 3 
82 92 69 12 91 27 99 54 27 90 8 52 80 56 37 15 90 40 44 5 96 80 18 27 58 53 43 7 68 29 89 0 82 73 38 78 31 48 41 16 46 10 29 14 68 70 29 47 3 46 74 53 1 74 83 56 36 50 38 54 77 17 9 11 90 47 42 73 95 83 90 93 45 19 7 65 41 88 12 44 35 87 50 88 13 33 96 49 36 34 55 65 51 64 28 93 63 70 66 10 
95 98 66 88 67 77 67 27 4 17 42 11 61 8 28 60 98 29 32 98 25 21 51 19 40 81 35 97 61 35 57 82 0 53 56 3 50 27 62 16 68 51 80 65 38 19 15 78 33 0 74 34 88 60 90 53 63 6 82 8 22 4 74 32 10 83 88 60 62 50 76 83 53 57 48 43 76 15 21 9 67 47 96 56 59 86 61 22 44 95 30 66 0 57 99 10 92 87 70 6 
42 34 28 14 27 14 35 67 63 33 28 52 18 33 88 45 17 85 55 11 22 90 47 15 28 72 8 70 31 85 22 73 53 0 89 99 89 43 56 89 86 84 4 60 46 24 7 42 80 67 80 41 41 24 89 24 91 89 33 42 51 25 81 21 31 70 72 73 13 80 62 52 17 19 12 63 43 19 57 75 38 37 68 80 61 57 4 4 46 89 98 97 14 79 71 97 50 95 70 63 
12 85 9 41 6 50 71 90 74 89 96 37 34 47 16 71 54 79 51 91 15 58 91 79 49 50 70 11 86 57 91 38 56 89 0 76 85 67 93 56 79 8 51 51 65 26 89 2 94 21 15 52 77 72 50 66 70 0 32 50 23 30 52 18 52 67 46 89 35 91 45 14 99 96 65 64 74 7 18 21 80 86 73 58 58 75 24 80 27 57 30 50 39 34 21 43 2 19 33 37 
74 35 15 86 20 63 80 72 27 91 54 20 19 53 23 78 18 5 54 3 34 17 40 87 58 51 11 17 50 56 70 78 3 99 76 0 11 30 3 10 79 21 27 5 28 97 26 8 83 51 18 93 27 43 74 6 52 56 9 43 91 30 86 93 1 71 82 12 54 85 75 33 6 54 38 34 51 17 95 87 68 13 80 95 8 6 54 12 63 63 55 54 45 42 99 46 65 81 11 19 
54 7 12 92 39 3 70 77 48 97 47 70 10 56 96 74 71 94 78 25 0 39 9 37 7 64 72 88 21 31 22 31 50 89 85 11 0 66 38 4 73 92 95 59 95 12 6 34 80 20 15 28 80 21 82 93 36 45 0 42 90 94 41 88 60 74 99 31 93 37 36 66 81 31 77 29 95 84 63 27 56 30 55 88 4 89 33 40 86 34 83 76 28 76 17 40 51 16 72 44 
67 64 74 57 21 29 24 14 12 70 55 72 17 4 26 78 67 78 71 42 20 55 99 38 96 20 52 7 20 89 80 48 27 43 67 30 66 0 6 8 62 39 91 91 68 38 75 84 65 83 14 73 72 70 62 5 11 49 39 46 77 20 22 94 60 25 63 32 69 69 92 83 60 35 75 29 73 2 65 91 86 31 64 10 2 78 15 65 79 7 11 9 27 33 55 87 59 18 72 80 
5 58 77 46 21 3 91 73 44 49 25 67 30 62 8 31 60 10 79 67 10 16 59 21 9 22 82 36 97 11 48 41 62 56 93 3 38 6 0 39 16 16 0 52 91 81 77 45 46 68 83 29 84 93 31 15 9 96 94 68 7 3 47 93 59 86 52 29 58 84 69 75 0 21 79 43 2 8 89 0 77 72 29 13 66 61 28 27 9 23 47 69 78 94 62 89 80 66 19 91 
6 51 68 58 45 30 5 91 48 88 94 86 16 11 64 8 89 83 56 19 94 77 15 27 52 59 86 55 85 54 97 16 16 89 56 10 4 8 39 0 50 88 66 3 61 97 46 63 5 35 63 34 60 44 48 78 5 28 57 67 3 4 36 82 98 50 23 78 68 42 21 18 82 87 73 43 36 20 6 42 7 21 76 67 66 76 97 23 57 54 42 60 58 30 94 56 80 18 87 48 
76 39 22 19 19 47 14 79 69 50 31 64 18 99 24 20 69 12 18 14 48 66 38 63 38 46 17 94 51 36 98 46 68 86 79 79 73 62 16 50 0 60 8 19 95 48 92 38 84 64 97 78 72 18 7 91 36 83 89 12 92 43 54 53 2 85 99 10 17 69 49 66 82 10 37 77 10 29 15 46 94 12 25 18 83 32 9 71 67 50 83 12 94 90 65 48 75 16 58 44 
64 24 28 27 89 23 26 97 94 86 25 1 64 21 62 97 87 35 20 0 4 71 59 33 65 49 18 56 40 88 36 10 51 84 8 21 92 39 16 88 60 0 86 60 10 68 70 99 45 32 81 12 78 27 77 3 45 12 87 6 83 7 57 19 19 3 61 36 51 88 52 61 32 90 21 95 58 43 94 55 27 75 20 6 2 49 61 99 61 1 6 96 8 15 67 79 18 28 15 69 
36 70 23 82 78 24 62 31 46 60 22 51 10 11 38 86 81 94 79 77 37 16 96 43 39 32 51 89 82 20 60 29 80 4 51 27 95 91 0 66 8 86 0 16 19 82 49 62 56 44 72 51 38 80 79 66 0 85 68 49 46 20 62 47 26 58 7 41 26 86 11 54 53 32 71 25 14 72 39 70 16 11 22 6 91 1 72 43 38 93 92 84 13 54 84 91 65 43 84 43 
91 19 53 18 78 2 38 52 40 50 16 38 57 40 19 65 53 27 32 13 43 79 86 48 40 27 48 25 10 36 23 14 65 60 51 5 59 91 52 3 19 60 16 0 82 95 97 87 27 20 12 93 92 3 64 60 15 38 19 58 39 91 2 29 36 46 13 49 53 49 92 18 93 76 61 75 23 10 14 2 83 79 96 27 82 60 88 97 50 7 56 41 50 10 70 87 56 35 88 9 
63 59 9 31 88 86 19 30 12 97 57 62 43 99 95 5 73 7 7 46 69 57 21 81 34 74 13 14 84 35 14 68 38 46 65 28 95 68 91 61 95 10 19 82 0 85 33 27 30 61 40 57 85 3 71 87 86 50 35 13 33 47 53 82 97 60 38 38 63 48 8 2 57 44 42 66 81 75 46 11 89 38 68 74 41 91 13 27 42 49 41 27 96 94 9 46 7 0 84 22 
9 77 64 75 9 26 22 71 44 6 65 5 27 92 76 53 23 29 34 77 33 19 43 49 61 67 34 24 99 12 26 70 19 24 26 97 12 38 81 97 48 68 82 95 85 0 0 93 76 57 89 18 76 70 46 22 33 35 12 53 61 54 44 74 81 38 75 74 65 24 21 27 70 80 79 54 2 79 99 78 89 40 48 65 10 94 39 95 81 51 48 42 57 45 17 39 83 92 65 1 
51 22 43 13 87 70 71 55 7 7 70 25 98 47 71 40 49 44 44 44 7 42 3 46 57 41 85 12 82 27 88 29 15 7 89 26 6 75 77 46 92 70 49 97 33 0 0 68 38 80 38 18 59 93 72 38 44 2 79 85 51 96 47 97 35 43 31 39 43 73 96 88 42 87 72 87 5 25 55 43 5 94 62 16 39 86 54 83 89 86 20 92 82 20 41 70 63 72 9 6 
3 0 52 19 30 93 17 98 22 94 18 78 16 14 18 59 98 92 45 8 18 50 30 38 5 4 39 59 28 28 58 47 78 42 2 8 34 84 45 63 38 99 62 87 27 93 68 0 46 57 47 88 97 19 27 2 96 83 45 53 77 59 69 16 46 75 51 87 61 24 79 96 44 20 66 59 45 27 65 43 84 64 31 81 35 59 35 31 94 81 84 71 92 5 39 38 81 42 25 94 
57 41 63 87 3 84 17 78 47 22 24 59 21 18 28 77 2 11 66 75 78 58 73 65 60 4 98 22 68 9 27 3 33 80 94 83 80 65 46 5 84 45 56 27 30 76 38 46 0 66 56 90 62 77 56 21 74 35 39 17 20 3 0 53 39 11 41 22 5 22 7 28 14 64 67 5 45 62 30 40 80 39 82 43 16 39 16 42 74 55 59 46 11 59 52 50 23 93 72 28 
26 88 6 11 96 55 20 56 71 31 51 80 83 31 4 73 62 77 85 39 91 69 85 54 20 43 96 97 22 36 18 46 0 67 21 51 20 83 68 35 64 32 44 20 61 57 80 57 66 0 67 31 57 33 96 76 38 93 90 21 33 71 60 16 66 28 7 82 70 33 90 81 32 1 92 36 51 15 29 75 44 48 7 53 81 55 81 72 48 72 93 34 95 5 2 61 33 9 95 55 
61 23 7 60 50 93 59 21 1 4 69 60 99 23 45 24 80 35 97 10 26 86 43 5 49 45 92 43 39 55 85 74 74 80 15 18 15 14 83 63 97 81 72 12 40 89 38 47 56 67 0 94 85 88 78 86 80 14 89 96 95 65 92 43 24 45 77 79 26 49 79 50 94 13 45 99 15 58 84 76 54 91 23 39 79 1 78 59 16 67 55 63 84 47 59 8 44 36 39 23 
66 30 46 98 47 17 66 62 17 9 93 41 47 31 83 44 10 5 55 54 62 84 7 33 2 82 0 85 48 39 24 53 34 41 52 93 28 73 29 34 78 12 51 93 57 18 18 88 90 31 94 0 85 19 73 79 84 71 30 0 29 14 76 83 5 99 75 36 53 53 95 21 72 3 84 57 2 43 17 47 79 9 70 16 80 95 47 64 66 77 64 48 43 93 31 0 44 58 36 97 
84 18 8 35 72 50 31 71 54 93 34 23 38 66 70 82 82 61 14 2 18 82 65 14 56 13 67 23 17 50 95 1 88 41 77 27 80 72 84 60 72 78 38 92 85 76 59 97 62 57 85 85 0 63 32 18 36 35 55 45 89 50 14 36 82 23 58 98 3 6 46 68 72 75 84 72 19 29 4 19 74 14 56 23 78 40 94 66 27 49 11 16 99 25 5 81 49 15 32 4 
67 14 17 40 91 45 48 80 11 76 91 34 16 76 70 97 38 67 98 65 66 77 69 42 7 51 43 2 26 40 20 74 60 24 72 43 21 70 93 44 18 27 80 3 3 70 93 19 77 33 88 19 63 0 21 30 24 46 5 9 18 76 90 74 48 64 89 56 88 19 96 82 85 75 83 48 43 82 73 48 16 74 16 48 31 37 30 55 83 35 16 54 64 7 28 12 71 69 68 11 
40 0 31 20 57 23 94 72 21 83 78 2 15 52 92 87 10 68 51 85 99 44 14 52 78 13 39 68 92 65 92 83 90 89 50 74 82 62 31 48 7 77 79 64 71 46 72 27 56 96 78 73 32 21 0 88 64 45 25 91 28 73 34 63 99 35 31 25 51 31 56 88 61 12 24 48 28 30 12 87 58 24 59 80 44 22 20 60 20 46 51 0 71 86 63 70 21 46 96 24 
29 26 21 39 92 34 43 93 84 0 75 75 43 78 83 88 61 20 12 15 90 31 26 89 55 58 49 12 93 87 49 56 53 24 66 6 93 5 15 78 91 3 66 60 87 22 38 2 21 76 86 79 18 30 88 0 77 52 12 90 16 88 91 97 18 55 84 29 80 95 61 76 18 81 37 38 79 88 38 51 26 54 21 99 52 69 23 30 74 88 72 90 76 63 87 47 19 72 28 51 
70 66 33 63 29 41 21 21 29 72 31 96 33 5 11 96 12 14 7 63 15 29 73 61 46 66 57 99 4 13 97 36 63 91 70 52 36 11 9 5 36 45 0 15 86 33 44 96 74 38 80 84 36 24 64 77 0 67 89 79 37 70 16 27 50 57 18 53 83 72 26 83 76 96 6 58 22 94 31 12 23 46 52 70 17 76 98 20 95 87 0 33 9 16 12 11 73 30 16 9 
1 41 61 75 94 54 57 77 55 17 9 76 19 28 87 82 9 50 33 71 7 75 60 13 62 54 86 0 65 31 16 50 6 89 0 56 45 49 96 28 83 12 85 38 50 35 2 83 35 93 14 71 35 46 45 52 67 0 54 43 92 31 91 50 89 13 97 72 77 20 19 29 42 88 5 40 9 1 79 9 86 40 77 98 4 3 81 20 12 35 63 56 66 54 6 8 19 55 80 97 
82 71 51 76 54 52 60 32 38 84 9 26 78 14 68 49 24 54 22 66 0 57 84 35 32 31 63 17 87 44 37 38 82 33 32 9 0 39 94 57 89 87 68 19 35 12 79 45 39 90 89 30 55 5 25 12 89 54 0 75 51 78 17 40 84 9 49 37 40 10 75 81 87 73 85 90 6 5 54 42 21 10 60 27 69 68 47 24 1 96 52 52 74 21 92 10 31 93 47 23 
54 67 57 13 95 74 57 53 80 75 37 24 84 51 98 17 79 26 16 48 49 62 39 14 53 80 45 16 80 95 72 54 8 42 50 43 42 46 68 67 12 6 49 58 13 53 85 53 17 21 96 0 45 9 91 90 79 43 75 0 3 74 4 91 0 41 33 6 99 40 48 20 2 61 47 23 81 46 48 82 42 52 87 17 73 79 27 4 25 27 80 28 1 84 71 53 78 57 60 77 
13 51 68 43 89 2 57 91 99 67 56 38 65 79 34 63 82 64 11 67 78 62 60 2 49 74 87 63 5 55 28 77 22 51 23 91 90 77 7 3 92 83 46 39 33 61 51 77 20 33 95 29 89 18 28 16 37 92 51 3 0 97 60 49 51 21 96 75 3 95 23 37 37 27 24 6 0 56 86 57 81 65 37 61 66 73 33 72 51 90 32 28 39 92 29 90 14 78 65 69 
43 41 52 31 38 48 79 97 65 34 59 9 17 37 52 37 73 94 26 19 61 69 9 76 36 74 12 6 5 19 0 17 4 25 30 30 94 20 3 4 43 7 20 91 47 54 96 59 3 71 65 14 50 76 73 88 70 31 78 74 97 0 73 40 58 10 67 35 69 20 91 55 77 24 20 14 85 38 87 70 10 91 60 94 71 51 87 1 42 53 79 59 22 52 52 32 14 71 67 35 
36 11 26 26 38 1 8 59 8 17 97 77 64 59 35 84 70 67 13 53 97 94 9 94 11 34 41 75 49 24 61 9 74 81 52 86 41 22 47 36 54 57 62 2 53 44 47 69 0 60 92 76 14 90 34 91 16 91 17 4 60 73 0 91 10 90 68 34 62 34 72 53 74 42 15 65 55 10 36 6 97 89 0 2 68 12 76 72 64 8 39 35 76 74 79 86 17 47 73 31 
60 50 34 83 57 79 76 18 55 36 50 2 27 40 14 23 80 94 43 17 56 35 11 21 90 7 75 12 18 90 85 11 32 21 18 93 88 94 93 82 53 19 47 29 82 74 97 16 53 16 43 83 36 74 63 97 27 50 40 91 49 40 91 0 34 45 84 8 39 0 25 94 62 13 53 11 3 53 13 23 17 89 48 81 49 87 69 25 61 48 64 30 47 37 62 81 34 46 41 73 
86 76 33 45 65 63 14 64 28 19 87 13 35 70 92 82 42 31 81 83 35 60 9 44 16 98 20 77 36 56 75 90 10 31 52 1 60 60 59 98 2 19 26 36 97 81 35 46 39 66 24 5 82 48 99 18 50 89 84 0 51 58 10 34 0 98 66 68 12 80 73 23 83 78 88 58 96 77 6 77 27 93 98 4 7 46 68 89 46 57 51 27 91 50 69 17 0 87 37 13 
0 96 88 67 45 4 80 49 82 6 45 66 50 7 3 8 24 46 64 97 65 5 0 73 12 36 11 39 87 34 4 47 83 70 67 71 74 25 86 50 85 3 58 46 60 38 43 75 11 28 45 99 23 64 35 55 57 13 9 41 21 10 90 45 98 0 67 10 88 2 88 77 61 84 54 19 14 33 65 64 90 24 63 58 13 9 68 17 88 11 19 57 28 19 45 17 84 64 27 73 
34 85 1 69 29 94 8 42 83 28 57 74 98 93 37 1 51 51 97 72 42 52 51 61 0 10 86 29 20 98 7 42 88 72 46 82 99 63 52 23 99 61 7 13 38 75 31 51 41 7 77 75 58 89 31 84 18 97 49 33 96 67 68 84 66 67 0 67 68 50 80 4 56 51 18 42 16 35 32 40 98 42 6 7 10 75 95 74 94 5 54 13 2 72 98 66 99 23 85 67 
92 35 45 89 4 66 36 41 28 16 34 36 45 78 89 8 65 25 11 8 87 51 18 81 75 63 45 17 9 87 97 73 60 73 89 12 31 32 29 78 10 36 41 49 38 74 39 87 22 82 79 36 98 56 25 29 53 72 37 6 75 35 34 8 68 10 67 0 25 17 72 33 69 42 75 37 29 7 78 27 2 36 86 64 11 34 38 5 91 93 70 93 65 20 11 16 43 49 36 20 
68 61 14 76 66 33 56 15 46 77 1 38 67 63 29 86 43 76 87 39 85 60 51 63 9 8 63 98 7 23 85 95 62 13 35 54 93 69 58 68 17 51 26 53 63 65 43 61 5 70 26 53 3 88 51 80 83 77 40 99 3 69 62 39 12 88 68 25 0 18 60 54 87 54 29 25 84 89 55 11 91 43 50 7 54 84 98 11 27 91 33 72 8 54 83 76 49 84 12 70 
40 95 30 16 51 97 99 16 27 29 82 41 28 8 97 32 63 61 28 91 4 68 11 82 62 33 20 66 18 61 8 83 50 80 91 85 37 69 84 42 69 88 86 49 48 24 73 24 22 33 49 53 6 19 31 95 72 20 10 40 95 20 34 0 80 2 50 17 18 0 3 72 24 42 27 5 67 11 94 74 74 37 17 24 45 23 60 95 86 87 38 20 59 46 26 95 22 75 31 35 
98 38 14 0 50 48 41 33 28 57 28 22 14 89 5 68 6 9 67 79 82 28 34 8 27 22 83 72 94 93 46 90 76 62 45 75 36 92 69 21 49 52 11 92 8 21 96 79 7 90 79 95 46 96 56 61 26 19 75 48 23 91 72 25 73 88 80 72 60 3 0 45 34 59 21 29 86 27 48 49 21 23 24 11 92 0 8 68 13 3 6 52 41 26 12 87 52 59 61 80 
44 52 88 48 37 32 70 94 68 79 84 2 85 62 5 58 64 89 6 53 33 78 89 26 47 54 33 92 10 11 35 93 83 52 14 33 66 83 75 18 66 61 54 18 2 27 88 96 28 81 50 21 68 82 88 76 83 29 81 20 37 55 53 94 23 77 4 33 54 72 45 0 90 48 25 77 8 47 6 46 74 6 96 47 29 72 58 74 24 66 94 37 69 0 90 10 79 54 49 83 
56 72 58 43 92 72 77 13 74 15 60 94 44 29 60 82 50 49 0 92 60 92 70 67 27 34 90 22 10 2 44 45 53 17 99 6 81 60 0 82 82 32 53 93 57 70 42 44 14 32 94 72 72 85 61 18 76 42 87 2 37 77 74 62 83 61 56 69 87 24 34 90 0 13 63 63 55 63 41 84 71 40 42 70 14 49 18 13 30 90 72 56 14 90 50 4 12 3 94 74 
86 60 89 82 80 73 55 16 74 69 50 26 24 53 95 54 88 3 99 56 71 96 82 51 19 55 34 13 28 13 6 19 57 19 96 54 31 35 21 87 10 90 32 76 44 80 87 20 64 1 13 3 75 75 12 81 96 88 73 61 27 24 42 13 78 84 51 42 54 42 59 48 13 0 82 48 76 17 13 39 81 20 2 74 5 26 14 99 96 28 48 66 93 31 8 17 87 74 8 38 
87 72 93 66 68 86 60 99 8 30 53 92 94 3 25 23 17 16 38 18 28 10 75 26 87 82 33 17 21 47 58 7 48 12 65 38 77 75 79 73 37 21 71 61 42 79 72 66 67 92 45 84 84 83 24 37 6 5 85 47 24 20 15 53 88 54 18 75 29 27 21 25 63 82 0 78 20 93 72 46 75 72 22 92 37 61 25 58 16 99 15 42 65 14 90 45 15 56 39 98 
19 31 20 26 32 58 97 95 86 64 17 57 87 81 55 87 76 56 7 90 29 1 44 0 61 8 4 36 94 37 10 65 43 63 64 34 29 29 43 43 77 95 25 75 66 54 87 59 5 36 99 57 72 48 48 38 58 40 90 23 6 14 65 11 58 19 42 37 25 5 29 77 63 48 78 0 64 56 85 38 64 75 69 36 68 93 83 95 66 5 40 55 19 17 13 35 69 80 29 34 
95 37 5 10 90 99 29 39 18 75 67 31 3 45 71 7 63 85 85 86 4 16 26 53 80 74 68 89 79 26 33 41 76 43 74 51 95 73 2 36 10 58 14 23 81 2 5 45 45 51 15 2 19 43 28 79 22 9 6 81 0 85 55 3 96 14 16 29 84 67 86 8 55 76 20 64 0 95 19 80 62 27 19 12 43 75 97 33 92 25 2 80 45 48 63 93 66 21 33 21 
90 46 37 79 7 57 83 6 15 89 75 69 92 2 48 16 18 12 35 15 35 52 31 72 97 75 18 82 3 75 98 88 15 19 7 17 84 2 8 20 29 43 72 10 75 79 25 27 62 15 58 43 29 82 30 88 94 1 5 46 56 38 10 53 77 33 35 7 89 11 27 47 63 17 93 56 95 0 92 50 87 27 71 67 8 6 14 79 86 76 6 5 88 1 32 38 34 76 15 89 
75 83 24 98 14 52 66 45 60 10 87 87 56 47 25 98 74 0 5 99 99 51 74 90 18 64 43 47 22 17 69 12 21 57 18 95 63 65 89 6 15 94 39 14 46 99 55 65 30 29 84 17 4 73 12 38 31 79 54 48 86 87 36 13 6 65 32 78 55 94 48 6 41 13 72 85 19 92 0 57 60 37 72 53 3 45 38 24 37 41 63 16 12 31 24 18 45 3 56 74 
53 78 69 97 45 35 47 69 18 49 91 42 25 63 51 84 65 96 3 61 34 74 99 18 40 30 67 12 47 87 12 44 9 75 21 87 27 91 0 42 46 55 70 2 11 78 43 43 40 75 76 47 19 48 87 51 12 9 42 82 57 70 6 23 77 64 40 27 11 74 49 46 84 39 46 38 80 50 57 0 61 13 14 62 46 52 49 74 19 38 31 32 27 4 85 30 1 76 6 39 
17 87 43 91 3 64 3 62 38 20 27 2 75 33 4 41 81 90 72 54 78 73 16 79 17 71 14 31 25 11 68 35 67 38 80 68 56 86 77 7 94 27 16 83 89 89 5 84 80 44 54 79 74 16 58 26 23 86 21 42 81 10 97 17 27 90 98 2 91 74 21 74 71 81 75 64 62 87 60 61 0 17 70 55 81 53 32 0 98 35 8 72 97 22 39 11 20 43 60 94 
36 6 31 10 16 97 25 67 61 15 56 47 55 71 23 75 54 35 54 61 26 89 69 47 19 61 35 90 14 73 6 87 47 37 86 13 30 31 72 21 12 75 11 79 38 40 94 64 39 48 91 9 14 74 24 54 46 40 10 52 65 91 89 89 93 24 42 36 43 37 23 6 40 20 72 75 27 27 37 13 17 0 63 98 78 95 25 34 32 7 35 8 66 74 77 88 82 59 41 14 
71 61 67 47 92 53 13 31 87 58 84 36 72 46 34 81 28 2 58 67 96 10 59 51 43 65 19 97 47 26 89 50 96 68 73 80 55 64 29 76 25 20 22 96 68 48 62 31 82 7 23 70 56 16 59 21 52 77 60 87 37 60 0 48 98 63 6 86 50 17 24 96 42 2 22 69 19 71 72 14 70 63 0 11 39 49 19 64 98 41 3 10 13 46 70 8 61 21 86 56 
53 5 4 78 76 14 35 33 92 65 13 77 66 51 74 23 15 51 86 8 96 55 33 45 74 84 34 7 95 14 15 88 56 80 58 95 88 10 13 67 18 6 6 27 74 65 16 81 43 53 39 16 23 48 80 99 70 98 27 17 61 94 2 81 4 58 7 64 7 24 11 47 70 74 92 36 12 67 53 62 55 98 11 0 98 72 89 6 7 49 24 82 27 12 16 86 5 30 97 96 
56 73 1 50 59 42 74 99 25 43 0 81 23 47 93 72 45 54 5 78 44 67 90 89 26 13 78 44 40 65 78 13 59 61 58 8 4 2 66 66 83 2 91 82 41 10 39 35 16 81 79 80 78 31 44 52 17 4 69 73 66 71 68 49 7 13 10 11 54 45 92 29 14 5 37 68 43 8 3 46 81 78 39 98 0 31 16 60 30 10 15 92 23 14 14 31 75 35 69 84 
11 61 98 68 49 28 7 3 8 93 14 38 87 98 79 20 38 22 61 52 47 54 73 3 73 78 58 17 91 44 81 33 86 57 75 6 89 78 61 76 32 49 1 60 91 94 86 59 39 55 1 95 40 37 22 69 76 3 68 79 73 51 12 87 46 9 75 34 84 23 0 72 49 26 61 93 75 6 45 52 53 95 49 72 31 0 34 41 73 92 1 74 68 35 1 32 51 87 37 81 
82 31 25 69 20 48 30 78 76 66 88 52 9 81 9 63 76 71 98 24 38 87 12 35 81 43 83 71 40 1 65 96 61 4 24 54 33 15 28 97 9 61 72 88 13 39 54 35 16 81 78 47 94 30 20 23 98 81 47 27 33 87 76 69 68 68 95 38 98 60 8 58 18 14 25 83 97 14 38 49 32 25 19 89 16 34 0 84 33 64 53 46 46 63 13 38 86 27 5 70 
26 39 86 14 88 36 47 20 54 67 31 29 9 4 4 20 57 68 12 42 11 48 15 2 73 31 87 43 97 30 75 49 22 4 80 12 40 65 27 23 71 99 43 97 27 95 83 31 42 72 59 64 66 55 60 30 20 20 24 4 72 1 72 25 89 17 74 5 11 95 68 74 13 99 58 95 33 79 24 74 0 34 64 6 60 41 84 0 55 92 91 39 78 85 64 70 86 38 90 73 
12 54 12 43 95 34 65 33 15 11 76 67 58 78 66 2 47 24 94 76 55 81 85 69 35 85 44 17 57 27 50 36 44 46 27 63 86 79 9 57 67 61 38 50 42 81 89 94 74 48 16 66 27 83 20 74 95 12 1 25 51 42 64 61 46 88 94 91 27 86 13 24 30 96 16 66 92 86 37 19 98 32 98 7 30 73 33 55 0 40 22 24 79 59 57 16 45 21 69 43 
16 3 28 97 26 53 91 10 66 2 49 31 39 95 29 13 52 77 72 42 38 96 96 70 14 26 46 88 27 45 54 34 95 89 57 63 34 7 23 54 50 1 93 7 49 51 86 81 55 72 67 77 49 35 46 88 87 35 96 27 90 53 8 48 57 11 5 93 91 87 3 66 90 28 99 5 25 76 41 38 35 7 41 49 10 92 64 92 40 0 20 84 56 10 22 36 15 92 91 8 
80 58 96 27 35 10 4 25 87 95 69 54 93 56 54 90 89 47 81 90 13 62 54 17 78 64 33 59 77 25 48 55 30 98 30 55 83 11 47 42 83 6 92 56 41 48 20 84 59 93 55 64 11 16 51 72 0 63 52 80 32 79 39 64 51 19 54 70 33 38 6 94 72 48 15 40 2 6 63 31 8 35 3 24 15 1 53 91 22 20 0 36 82 86 73 46 9 11 36 99 
77 6 80 38 85 36 74 76 67 30 32 57 23 58 52 17 82 41 5 95 85 95 45 71 36 11 32 80 14 82 30 65 66 97 50 54 76 9 69 60 12 96 84 41 27 42 92 71 46 34 63 48 16 54 0 90 33 56 52 28 28 59 35 30 27 57 13 93 72 20 52 37 56 66 42 55 80 5 16 32 72 8 10 82 92 74 46 39 24 84 36 0 84 28 74 8 8 85 17 24 
60 44 81 28 64 1 70 7 31 88 8 40 56 32 81 50 25 23 98 13 51 17 57 98 2 0 10 95 32 16 55 51 0 14 39 45 28 27 78 58 94 8 13 50 96 57 82 92 11 95 84 43 99 64 71 76 9 66 74 1 39 22 76 47 91 28 2 65 8 59 41 69 14 93 65 19 45 88 12 27 97 66 13 27 23 68 46 78 79 56 82 84 0 30 90 93 73 10 77 82 
68 70 74 5 73 64 13 84 47 12 18 83 9 15 42 26 59 14 46 96 10 56 15 11 41 50 26 87 26 2 61 64 57 79 34 42 76 33 94 30 90 15 54 10 94 45 20 5 59 5 47 93 25 7 86 63 16 54 21 84 92 52 74 37 50 19 72 20 54 46 26 0 90 31 14 17 48 1 31 4 22 74 46 12 14 35 63 85 59 10 86 28 30 0 21 51 18 36 44 9 
38 56 66 22 94 67 2 95 22 67 83 59 2 98 66 40 14 35 48 12 41 30 56 44 26 19 7 92 84 25 67 28 99 71 21 99 17 55 62 94 65 67 84 70 9 17 41 39 52 2 59 31 5 28 63 87 12 6 92 71 29 52 79 62 69 45 98 11 83 26 12 90 50 8 90 13 63 32 24 85 39 77 70 16 14 1 13 64 57 22 73 74 90 21 0 96 32 43 83 5 
98 72 66 73 29 16 36 71 11 7 95 6 43 2 26 84 19 54 31 48 38 29 66 42 18 99 83 24 21 24 30 93 10 97 43 46 40 87 89 56 48 79 91 87 46 39 70 38 50 61 8 0 81 12 70 47 11 8 10 53 90 32 86 81 17 17 66 16 76 95 87 10 4 17 45 35 93 38 18 30 11 88 8 86 31 32 38 70 16 36 46 8 93 51 96 0 89 44 68 77 
68 66 62 24 70 20 45 85 81 19 64 49 59 74 45 34 35 12 62 93 75 13 16 84 54 38 37 26 65 88 66 63 92 50 2 65 51 59 80 80 75 18 65 56 7 83 63 81 23 33 44 44 49 71 21 19 73 19 31 78 14 14 17 34 0 84 99 43 49 22 52 79 12 87 15 69 66 34 45 1 20 82 61 5 75 51 86 86 45 15 9 8 73 18 32 89 0 95 52 6 
72 93 67 43 23 61 10 37 57 47 40 33 0 43 56 42 17 38 98 84 35 34 60 5 79 29 45 73 5 75 74 70 87 95 19 81 16 18 66 18 16 28 43 35 0 92 72 42 93 9 36 58 15 69 46 72 30 55 93 57 78 71 47 46 87 64 23 49 84 75 59 54 3 74 56 80 21 76 3 76 43 59 21 30 35 87 27 38 21 92 11 85 10 36 43 44 95 0 69 12 
90 59 11 63 86 35 72 65 91 76 81 42 41 81 67 44 85 80 43 8 26 80 85 23 93 14 80 41 82 11 27 66 70 70 33 11 72 72 19 87 58 15 84 88 84 65 9 25 72 95 39 36 32 68 96 28 16 80 47 60 65 67 73 41 37 27 85 36 12 31 61 49 94 8 39 29 33 15 56 6 60 41 86 97 69 37 5 90 69 91 36 17 77 44 83 68 52 69 0 14 
88 79 28 1 37 53 1 0 80 48 65 87 26 37 75 72 30 88 49 32 12 73 19 99 15 47 52 24 72 11 3 10 6 63 37 19 44 80 91 48 44 69 43 9 22 1 6 94 28 55 23 97 4 11 24 51 9 97 23 77 69 35 31 73 13 73 67 20 70 35 80 83 74 38 98 34 21 89 74 39 94 14 56 96 84 81 70 73 43 8 99 24 82 9 5 77 6 12 14 0 
